              precision    recall  f1-score   support

           C       0.00      0.00      0.00         0
        CONJ       0.00      0.00      0.00      1286
          CP       0.00      0.00      0.00         0
         DEN       0.00      0.00      0.00         0
          DJ       0.87      0.84      0.86      1371
          DP       0.00      0.00      0.00      4108
          DV       0.83      0.65      0.73       972
         ERB       0.00      0.00      0.00      2407
          ET       0.00      0.00      0.00      4051
           N       0.00      0.00      0.00         0
          NK       0.00      0.00      0.00         0
         NTJ       0.00      0.00      0.00         5
         OUN       0.00      0.00      0.00      5028
        PROP       0.00      0.00      0.00         0
         REP       0.00      0.00      0.00         0
     REP+ADV       0.00      0.00      0.00         0
     REP+ART       0.00      0.00      0.00         0
  REP+PROADJ       0.00      0.00      0.00         0
 REP+PROPESS       0.00      0.00      0.00         0
  REP+PROSUB       0.00      0.00      0.00         0
       ROADJ       0.00      0.00      0.00         0
         RON       0.00      0.00      0.00       850
      ROPESS       0.00      0.00      0.00         0
        ROPN       0.00      0.00      0.00      1497
       ROSUB       0.00      0.00      0.00         0
          RT       0.00      0.00      0.00         0
           S       0.00      0.00      0.00         0
           U       0.00      0.00      0.00         0
          UM       0.88      0.67      0.76       452
        UNCT       0.00      0.00      0.00      3281
          UX       0.00      0.00      0.00       638
          YM       0.00      0.00      0.00        60
           _       0.00      0.01      0.00      2029

   micro avg       0.08      0.07      0.08     28035
   macro avg       0.08      0.07      0.07     28035
weighted avg       0.09      0.07      0.08     28035
